# Exercice 1

1) 

(3, 3, 0)
(3, 4, 1, 4)
(3, 5, 2, 4, 1)
(3, 6, 3, 4, 1, 3)
(4, 6, 2, 0, 1, 3)
(4, 7, 3, 0, 1, 3, 8)
(4, 8, 4, 0, 1, 3, 8, 9)
(5, 8, 3, 0, 0, 3, 8, 9)

2)  
    a) 7

    b)
    [3, 3, 0, 0, 0, 0, 0, 0, 0, 0]
    [3, 4, 1, 4, 0, 0, 0, 0, 0, 0]
    [3, 5, 2, 4, 1, 0, 0, 0, 0, 0]
    [3, 6, 3, 4, 1, 3, 0, 0, 0, 0]
    [4, 6, 2, 0, 1, 3, 0, 0, 0, 0]
    [4, 7, 3, 0, 1, 3, 8, 0, 0, 0]
    [4, 8, 4, 0, 1, 3, 8, 9, 0, 0]
    [5, 8, 3, 0, 0, 3, 8, 9, 0, 0]


# Exercice 2

1) A

2) Pas compris

